1 0.54173183 0.5681574 1218
2 0.07238525 0.8845023 2292 3198 952 4046 3703
3 0.80405724 0.33635503 4287
4 0.093904614 0.11661631 1348 77 4490 1840 2386
5 0.030224025 0.6918609 3210
6 0.99767005 0.12521327 293 4072 4576 1253 102
7 0.21106398 0.25569618 868
8 0.40168864 0.76534116 3913 2283 4337 23 4047
9 0.56681097 0.65590423 887
10 0.66924137 0.453117 996 3913 134 3561 4725
11 0.9849082 0.9653222 823
12 0.7929041 0.5051268 1529 2506 2801 4705 4511
13 0.4237243 0.12258369 352
14 0.5515586 0.97793597 4721 958 1246 4918 370
15 0.5263906 0.5329882 625
16 0.11195469 0.2561403 3363 2522 847 897 883
17 0.28580713 0.54014105 3116
18 0.0636 0.01782614 1024 3467 1330 27 2156
19 0.105065644 0.1895017 4862
20 0.2919556 0.69708383 4080 215 1185 2236 1965
21 0.9282817 0.8820993 2984
22 0.22041494 0.24864292 48 4928 3965 1758 419
23 0.13990545 0.8296458 3175
24 0.85986006 0.39125162 1087 2019 3702 488 948
25 0.55143034 0.87818664 3467
26 0.69920564 0.7833248 2444 4760 4990 1446 3916
27 0.83977515 0.20397067 554
28 0.69960314 0.73199815 22 2097 2963 4742 759
29 0.015904307 0.8469202 4009
30 0.17281646 0.12719983 4027 3529 145 4285 2058
31 0.1480273 0.74794596 2623
32 0.97559655 0.5083437 756 687 3544 3049 403
33 0.5205489 0.33288205 3194
34 0.4928608 0.6597504 419 1268 3377 3888 1974
35 0.32271785 0.27545726 3911
36 0.62709343 0.07044816 4450 2158 4001 1762 3816
37 0.8944149 0.8332681 1879
38 0.62689495 0.24474621 3808 2051 3240 4476 191
39 0.76964223 0.57421136 859
40 0.042857707 0.012538195 2097 2441 2642 4970 3902
41 0.61745435 0.44596 512
42 0.80065125 0.2032432 3067 2337 3655 390 2261
43 0.887588 0.20413756 3486
44 0.81464016 0.02371192 2838 2416 2642 2563 1118
45 0.6873476 0.21583539 324
46 0.28710085 0.64794135 1646 3755 4745 4791 4120
47 0.5325422 0.5173147 359
48 0.4497171 0.26162177 3176 2399 2905 1682 219
49 0.27567297 0.93106943 1846
50 0.7668771 0.7886203 877 289 4067 1682 1903
51 0.2493273 0.41841382 4079
52 0.65285337 0.8477403 51 16 2261 292 3856
53 0.7935286 0.7137151 3296
54 0.28533274 0.50827026 4855 3944 4159 323 4196
55 0.035155594 0.5753571 2178
56 0.025300503 0.073744714 2181 4049 3806 924 3212
57 0.058695555 0.74891406 2063
58 0.0043300986 0.27518088 1435 1855 1030 2077 171
59 0.11039722 0.40619564 2470
60 0.4847409 0.7451553 3462 1034 1626 3535 2665
61 0.03306216 0.14785141 1362
62 0.22399616 0.31033415 1558 3227 269 0 257
63 0.8885801 0.023594916 2782
64 0.30048954 0.009981096 2686 3104 1932 4356 2284
65 0.4055062 0.18731171 1807
66 0.39146912 0.15029097 3930 1826 679 4213 3074
67 0.112042546 0.55437005 417
68 0.7309147 0.65665114 4151 2191 1934 2451 4701
69 0.72257334 0.91283906 4772
70 0.9585962 0.1273126 1489 824 1273 4575 3388
71 0.3941251 0.5879743 4187
72 0.916248 0.48744506 2162 479 167 3040 3838
73 0.9235477 0.43558693 1143
74 0.2652111 0.39028192 1023 4089 443 384 1231
75 0.26631755 0.4925602 1615
76 0.94411176 0.14212191 4150 3606 1838 331 841
77 0.8899441 0.7506262 4538
78 0.9537563 0.48728824 1814 4771 2938 2021 4615
79 0.2430138 0.5961757 3216
80 0.09476149 0.96322733 188 3989 1228 1679 2386
81 0.8597695 0.81555736 342
82 0.43746912 0.06432623 2780 831 4907 1550 2609
83 0.5017195 0.71793693 4794
84 0.86886615 0.8520346 4894 4826 3144 2349 876
85 0.43741065 0.16465259 4587
86 0.39909476 0.26088554 2720 1388 3803 4710 1921
87 0.037593544 0.7818578 2577
88 0.8864344 0.89523834 4118 4657 2805 4029 4961
89 0.11966169 0.9104781 3905
90 0.26923203 0.024340153 3786 3464 1867 1786 125
91 0.7335913 0.6147603 2550
92 0.45814395 0.071011186 2588 551 3167 1224 914
93 0.19177377 0.4701814 1214
94 0.7801809 0.9586811 4800 4852 4591 1745 4787
95 0.72734517 0.95782906 3417
96 0.10988808 0.9331126 872 2620 2523 709 3189
97 0.97468626 0.3186587 3180
98 0.497895 0.872593 677 3866 942 1009 4278
99 0.93002814 0.97549415 2096
100 0.58098185 0.5782795 2606 4036 3261 2717 2309
101 0.4416051 0.040058255 678
102 0.26483 0.8161023 2525 4693 2605 762 3655
103 0.12818033 0.4701653 2938
104 0.51245797 0.82065034 856 2978 44 2708 4915
105 0.400275 0.65007037 4646
106 0.6317147 0.77858716 4717 3196 1797 33 1143
107 0.98484075 0.77974963 3175
108 0.84364384 0.61359805 1390 2289 816 687 3619
109 0.7537174 0.7748599 4710
110 0.086286366 0.06403768 2575 4244 4332 3859 2618
111 0.549958 0.19782954 2607
112 0.69528586 0.80084294 4721 1168 3548 4820 2971
113 0.8195712 0.6821098 705
114 0.4996764 0.6279063 1849 4202 2839 3835 3061
115 0.831201 0.29297692 2989
116 0.54153913 0.062453985 1502 2786 416 4730 653
117 0.58479834 0.20236945 204
118 0.08238292 0.8351407 589 1186 3901 4433 2656
119 0.1948502 0.871141 2865
120 0.76995796 0.9053481 1271 711 2413 646 2140
121 0.8923494 0.29479176 2687
122 0.9757235 0.42810905 2571 2886 4344 3529 4624
123 0.13291353 0.5087407 4887
124 0.26012057 0.08078009 2411 3554 2804 479 1452
125 0.4589886 0.8935428 3762
126 0.683554 0.23881692 3076 2326 1805 4429 4276
127 0.40812886 0.6474773 4430
128 0.54273957 0.38235182 46 1079 2602 2007 3651
129 0.88405675 0.91598976 805
130 0.98321635 0.8703826 2345 4320 539 1712 3416
131 0.07482821 0.5765765 4768
132 0.05020839 0.26713145 2940 1000 2218 3430 1900
133 0.26832253 0.070607126 1312
134 0.932618 0.25214118 3065 3788 946 1112 4358
135 0.06314343 0.20388442 2562
136 0.25780863 0.6700741 2040 1741 1325 3219 1994
137 0.07667494 0.7239486 755
138 0.62864894 0.45054936 2552 1335 4170 2367 1969
139 0.23972934 0.13184118 3409
140 0.41666174 0.1592077 4458 2670 710 3793 1690
141 0.5703267 0.3776585 539
142 0.56553555 0.21946043 1362 1546 1402 4709 3213
143 0.34370315 0.08380777 2826
144 0.5724924 0.7577459 3917 3501 4758 3213 2955
145 0.6411129 0.77714354 297
146 0.7130675 0.589156 2224 1389 346 2325 3337
147 0.3061067 0.37463355 3340
148 0.57904726 0.28180206 495 3460 3351 759 3695
149 0.60570854 0.78510344 89
150 0.78488606 0.9301951 4195 293 2137 2866 2652
151 0.9497736 0.66894597 995
152 0.48536342 0.49170524 3498 88 1548 196 1644
153 0.38009453 0.570661 1652
154 0.9252981 0.7577537 924 3143 4961 686 2862
155 0.32953346 0.3317752 4411
156 0.5889287 0.20470399 4688 3032 4151 4479 2869
157 0.13894898 0.506514 3737
158 0.11659855 0.45235932 1469 2519 3674 399 1302
159 0.29634154 0.9372688 1312
160 0.39215118 0.3813296 4548 1958 579 430 1937
161 0.77101654 0.25363004 1558
162 0.7330061 0.7171151 3673 3329 4810 1518 3658
163 0.6799492 0.97900724 2686
164 0.92063046 0.081777275 701 913 3928 3496 2358
165 0.13574499 0.6199443 1903
166 0.6555067 0.13857943 3078 2099 570 1109 4213
167 0.60049933 0.114530385 721
168 0.3047793 0.7378443 4788 3716 2599 4329 95
169 0.7900073 0.883832 4937
170 0.35577196 0.6030123 3940 1806 1565 3660 3377
171 0.29796225 0.7999702 1938
172 0.09080303 0.93638057 4925 2615 1994 3311 3657
173 0.73363155 0.8054811 3926
174 0.07659149 0.4918959 3102 2991 610 2744 228
175 0.8582432 0.4291457 235
176 0.53543776 0.5386142 2955 1663 693 165 4413
177 0.08142686 0.6434701 4052
178 0.22878402 0.7563161 4374 3565 4801 392 3799
179 0.8053593 0.9142006 458
180 0.70684534 0.5334934 2348 3884 1946 3017 3902
181 0.9357456 0.23678076 595
182 0.016311765 0.8803945 1878 4273 4579 3805 2978
183 0.60017633 0.43908978 1486
184 0.8204528 0.25034875 1068 1495 4878 3419 4163
185 0.1513052 0.8941815 2779
186 0.04641223 0.8865577 2561 636 3451 2013 3932
187 0.15832931 0.1182909 4161
188 0.09521502 0.035354972 2694 1085 1130 1108 4047
189 0.96257627 0.19656658 4704
190 0.8122111 0.42271668 3160 1978 2778 804 1727
191 0.98425305 0.8145168 3202
192 0.9378178 0.9667185 2646 1061 932 1768 3068
193 0.40872318 0.3097245 156
194 0.81184006 0.38172805 1473 497 3926 231 4289
195 0.9664787 0.052523136 4621
196 0.31788582 0.77511966 1515 1841 3941 2497 751
197 0.23267972 0.4245423 711
198 0.12903172 0.73076093 3075 1461 3107 2750 1158
199 0.23389542 0.031086087 2553
200 0.35759974 0.61920416 2409 3348 4108 3042 2509
201 0.055900574 0.09137714 2996
202 0.31209785 0.33197194 4773 3340 2850 1549 3162
203 0.316536 0.22970146 493
204 0.9486853 0.40197676 579 841 1969 1932 1252
205 0.5107192 0.55090016 3930
206 0.695852 0.59139174 2718 4848 4207 111 2747
207 0.661258 0.15651947 1480
208 0.3560387 0.7045664 3398 2107 3797 400 2421
209 0.03576064 0.44393444 3421
210 0.0872522 0.12096709 4989 2438 1768 1496 44
211 0.93671334 0.8435726 2043
212 0.45097512 0.35137886 3929 3342 4836 4098 4991
213 0.85982305 0.21958107 3761
214 0.23130453 0.09573144 3225 1770 2807 4917 4213
215 0.52811396 0.7967064 4853
216 0.32200825 0.9381482 3162 3865 3365 62 1189
217 0.48500007 0.06929153 3075
218 0.26817298 0.2561617 292 508 1642 4313 1846
219 0.8160141 0.11113691 1515
220 0.3741113 0.07546818 930 125 2353 1922 960
221 0.66513777 0.6626691 4195
222 0.64272124 0.18261862 3041 3147 4720 4287 130
223 0.790779 0.3077088 1577
224 0.68860644 0.48928863 4017 2367 1648 383 4663
225 0.41120142 0.41995448 4409
226 0.6192115 0.4576758 261 2628 2676 4175 1825
227 0.95234424 0.396317 889
228 0.8683486 0.7314845 3789 30 1683 436 603
229 0.15658468 0.55078053 1195
230 0.75009006 0.05207455 2355 4262 2287 4678 3807
231 0.35068548 0.57631016 4743
232 0.032998443 0.9834509 2716 3649 3595 4465 3433
233 0.6142811 0.8464188 3152
234 0.74028766 0.90555596 1664 3398 1343 4606 4257
235 0.74410677 0.5118656 158
236 0.20632988 0.069885254 1754 3656 1422 2069 3847
237 0.5512119 0.91403294 244
238 0.10699755 0.42512506 117 2146 4717 4223 2167
239 0.78866553 0.02428943 4867
240 0.40423483 0.26523358 740 364 1394 4572 241
241 0.20557618 0.57021016 3800
242 0.6572998 0.9562037 508 1899 26 4848 3700
243 0.6620294 0.40205735 1180
244 0.09402847 0.08910239 4100 3285 1795 3112 1948
245 0.15916675 0.80415815 3645
246 0.96827036 0.17808634 3282 3884 585 4078 4097
247 0.698695 3.912449E-4 4332
248 0.8616182 0.007258415 1374 1321 1871 3618 1911
249 0.44212812 0.6184812 3021
250 0.9604322 0.5811833 2867 497 3745 2080 4791
251 0.24129307 0.87062347 4317
252 0.5549865 0.6303064 352 3860 4778 1085 1178
253 0.55219567 0.1505472 974
254 0.08781779 0.46242797 940 3518 4458 4436 4004
255 0.6557981 0.38900268 3970
256 0.5352963 0.62199503 3559 728 68 1152 3207
257 0.98923326 0.46641117 4867
258 0.2368514 0.25524515 258 1909 2064 4177 2110
259 0.11860341 0.13655376 967
260 0.07892072 0.473243 21 2130 1703 3325 3278
261 0.17971236 0.95149404 3528
262 0.820217 0.03558576 2929 4947 2932 2754 4331
263 0.5530054 0.08583504 2775
264 0.2561072 0.5869057 2447 1869 1045 2234 998
265 0.15108329 0.15025651 1737
266 0.7874465 0.025284827 960 3055 782 1963 810
267 0.80466354 0.77480155 3306
268 0.53924286 0.66315407 1667 1863 3911 1476 3766
269 0.6348564 0.5366298 1056
270 0.9458708 0.17360485 1768 4696 3095 3171 2283
271 0.52370524 0.9684493 1473
272 0.94330704 0.22786176 1360 2239 1785 1499 290
273 0.06733078 0.03675109 1842
274 0.51668036 0.028091311 1460 1313 3380 4694 3226
275 0.12958014 0.029594839 1488
276 0.10376674 0.74898875 2086 4503 3417 1214 4626
277 0.12159932 0.1375171 1708
278 0.74210745 0.21325058 3867 1091 2310 1109 3066
279 0.92842185 0.12325227 2366
280 0.48666042 0.22160482 4101 1899 95 1411 2901
281 0.3626694 0.26365805 4846
282 0.44028634 0.7921189 4793 1496 4764 1740 4093
283 0.82705235 0.5749678 4899
284 0.9888549 0.34455597 2995 38 1167 3138 1859
285 0.5538363 0.41059953 1660
286 0.08138102 0.47923332 1940 1559 4387 4160 128
287 0.9290015 0.38062954 1431
288 0.8134762 0.5750959 1613 2829 1107 446 4312
289 0.257029 0.10162526 2957
290 0.4674555 0.25715202 2003 4353 900 787 2227
291 0.53276575 0.5402925 4746
292 0.43947935 0.93696576 335 186 3012 3593 3893
293 0.12853456 0.870179 2810
294 0.7527704 0.091450155 4450 2806 3437 3133 3927
295 0.99837977 0.6561709 3741
296 0.19152182 0.617915 4839 4839 0 1963 2657
297 0.6957407 0.12909853 1372
298 0.98232657 0.57561404 4769 3140 2099 4936 3249
299 0.56323224 0.018005073 165
300 0.75615084 0.16065198 2740 2228 574 1990 4886
301 0.15739399 0.40881866 2537
302 0.7742619 0.91765565 3395 1902 379 3983 4924
303 0.32055235 0.1984821 3478
304 0.58535236 0.6034461 4502 527 2005 4705 167
305 0.64203835 0.15989852 3533
306 0.2740026 0.42040366 2875 3212 2017 2044 36
307 0.21338755 0.32638288 475
308 0.5343963 0.8304629 3038 4431 2683 4104 2309
309 0.415106 0.20854801 1025
310 0.1908431 0.7387303 2761 1420 4112 2933 1797
311 0.42306328 0.60286707 2081
312 0.056440473 0.85540044 4036 3068 4225 916 4050
313 0.288517 0.31716865 2955
314 0.044983506 0.7165263 1250 1077 1144 1395 3474
315 0.964579 0.012145579 594
316 0.5334415 0.8837535 4831 2031 4669 4787 2869
317 0.26718134 0.37847078 426
318 0.73722124 0.52672386 1438 171 1959 3686 3218
319 0.5532726 0.36520237 4269
320 0.7765967 0.018302202 2680 2825 1705 4214 1229
321 0.58967966 0.50775254 811
322 0.06481719 0.43741995 3469 852 4215 3799 2166
323 0.9291453 0.94581497 1271
324 0.7479806 0.019107163 4632 2138 272 3898 2634
325 0.37644893 0.59285414 2572
326 0.7840203 0.60010815 2226 2349 69 3483 662
327 0.2598598 0.8216163 3821
328 0.20951915 0.8738828 2977 248 2639 1294 837
329 0.1944592 0.8176618 868
330 0.5289373 0.36175746 1760 3441 635 2217 1194
331 0.07361132 0.8871839 3601
332 0.32039434 0.23826063 3681 4506 2976 4296 4201
333 0.85471237 0.8485054 4205
334 0.18259984 0.31618243 2785 3968 3956 2304 4556
335 0.37246382 0.5471221 1406
336 0.40691507 0.36989635 1497 3144 4762 2908 3097
337 0.56561285 0.022145748 279
338 0.83206695 0.4726414 252 3576 653 976 684
339 0.25959122 0.5789082 3986
340 0.9005006 0.69800013 813 4136 469 3690 1361
341 0.32468134 0.2112155 3186
342 0.976177 0.88733155 4871 4818 924 4139 4876
343 0.085057676 0.6701466 3391
344 0.16348737 0.9736937 4781 3831 3282 4546 3650
345 0.8121405 0.48297668 111
346 0.27123576 0.9984893 3411 595 4129 1639 1139
347 0.91981226 0.7631493 2838
348 0.93590206 0.2602443 4497 2714 720 2422 3390
349 0.4871801 0.07827985 4939
350 0.45372337 0.86584437 814 1788 1354 3730 1758
351 0.14259845 0.09993118 4232
352 0.9791801 0.20995885 1890 304 1306 3220 2362
353 0.53139055 0.19091606 1
354 0.655367 0.9435395 954 1193 3819 1315 1169
355 0.24624461 0.50935996 4225
356 0.15821964 0.8912217 596 1150 2541 2790 2906
357 0.44976652 0.04757887 1339
358 0.68814576 0.83126056 1244 4419 2194 233 3956
359 0.20569235 0.36007446 3075
360 0.38743037 0.27033454 1415 4902 3310 4872 1895
361 0.7592708 0.60292786 444
362 0.91656077 0.3357923 4431 2626 3865 2602 2112
363 0.10813892 0.8907188 1372
364 0.21897674 0.6045989 3893 2220 1072 2285 2628
365 0.26527834 0.9534309 1309
366 0.5215507 0.8347168 1552 4186 3806 4913 1145
367 0.32445514 0.5740229 765
368 0.22477412 0.892233 3527 2726 3388 1814 735
369 0.9599923 0.22155768 1282
370 0.59260786 0.33133245 1843 4224 4341 4140 3847
371 0.539848 0.35238445 4257
372 0.023628056 0.9686083 4434 3968 1578 768 2499
373 0.8524574 0.0054045916 912
374 0.9379305 0.2065267 3283 1073 2550 3666 3782
375 0.09044814 0.15710491 3821
376 0.8400045 0.29494834 2878 2281 2925 4312 3370
377 0.8510304 0.56799704 2142
378 0.48093832 0.7563625 2775 2975 362 525 804
379 0.54162604 0.07665235 594
380 0.81320125 0.30367202 2421 3005 2004 2294 825
381 0.7256831 0.24850547 2548
382 0.8973982 0.41623247 4728 2088 4679 1473 3937
383 0.45451266 0.9347443 4020
384 0.07018536 0.8332566 2408 3335 731 3083 2437
385 0.75449634 0.31070423 195
386 0.851118 0.6419086 3424 4877 1228 273 4376
387 0.12117022 0.2682643 2197
388 0.45024693 0.5847111 2622 330 3184 528 1233
389 0.7469804 0.7516271 1362
390 0.99613714 0.7886259 3566 836 1063 970 2389
391 0.39852083 0.7277767 3555
392 0.04617077 0.18201202 479 3916 3138 1452 2634
393 0.092868686 0.8280551 434
394 0.34617412 0.81104493 3997 3530 1210 2638 2288
395 0.9694906 0.557531 2402
396 0.6792694 0.7312777 1493 768 20 3577 2955
397 0.430852 0.02588427 808
398 0.76252186 0.024744034 4298 2088 4053 2319 2799
399 0.63050866 0.92333204 831
400 0.53188664 0.29981536 2699 4527 1504 1100 1738
401 0.6050444 0.40634757 692
402 0.10244244 0.61461306 3141 4680 4301 2429 4184
403 0.91176325 0.6495959 418
404 0.3515367 0.4188403 4470 4281 2024 1334 3309
405 0.18111342 0.17542303 1890
406 0.0024027228 0.65360236 3511 685 2459 1894 1388
407 0.23534858 0.18353504 3832
408 0.54947776 0.13565326 4761 549 438 2251 2782
409 0.8479243 0.60358644 1508
410 0.67329484 0.47879827 506 1364 1552 2185 952
411 0.3021425 0.93507963 1962
412 0.7301453 0.775999 3118 2282 4924 3591 4257
413 0.21879631 0.1905269 3249
414 0.3653394 0.74843615 2144 2506 4932 3871 3341
415 0.75706875 0.23431605 540
416 0.49653018 0.0394755 4511 4777 3559 3776 1719
417 0.5692569 0.044825673 1726
418 0.054017663 0.026554883 4682 2595 4095 2590 4969
419 0.841079 0.020509958 1638
420 0.023440659 0.34510285 250 2218 4380 2156 340
421 0.87131596 0.60631746 3935
422 0.21860492 0.48047858 498 1140 2648 4506 2197
423 0.5141164 0.6229111 3784
424 0.82192516 0.11599958 4515 1343 773 799 1475
425 0.58922374 0.056447566 4354
426 0.4732778 0.16475815 2139 510 2186 2219 1366
427 0.8845089 0.036355734 118
428 0.23337352 0.47768646 4869 616 4942 4784 954
429 0.33548218 0.47007203 304
430 0.98707193 0.35381234 260 919 1909 3245 1384
431 0.05531311 0.43517154 3776
432 0.59348774 0.32060057 4241 244 569 2289 4049
433 0.9112533 0.09460944 104
434 0.6410255 0.69009036 2260 4262 2768 1152 2061
435 0.18635231 0.1361481 4499
436 0.2500947 0.9113383 2152 2664 3713 4985 4580
437 5.661249E-4 0.18615973 1146
438 0.34463197 0.26658827 2640 1994 581 212 3492
439 0.55194086 0.22259158 3738
440 0.9634391 0.9369651 2372 2504 1642 3431 2969
441 0.8968134 0.87719005 4517
442 0.8233487 0.6590545 3617 4823 2726 4719 2636
443 0.16907716 0.8120845 1330
444 0.875072 0.6310587 3832 2526 4413 3365 1852
445 0.92251784 0.33982188 3709
446 0.026587546 0.8769134 457 2302 1724 126 3537
447 0.59034586 0.8040006 2382
448 0.6167688 0.19825971 4241 1923 4018 2159 1734
449 0.48443514 0.48891985 4836
450 0.45170587 0.99113864 4933 3976 400 350 4430
451 0.251656 0.5206775 8
452 0.112235546 0.25586033 1981 4609 1031 742 3045
453 0.07656193 0.039500296 4172
454 0.5724951 0.115968585 4085 1503 1873 1222 41
455 0.27964115 0.1781581 3856
456 0.7729902 0.21688175 3489 4170 3694 4613 838
457 0.6099824 0.49597996 4646
458 0.9671302 0.52903974 4439 1753 2988 1979 558
459 0.48006386 0.63642263 1172
460 0.6301377 0.11031085 3791 3777 3187 4134 1069
461 0.58278275 0.66214395 3681
462 0.0052279234 0.086422265 3298 969 4226 3783 106
463 0.82053447 0.51102513 4460
464 0.20334685 0.07243365 661 1099 3627 1402 1598
465 0.19318753 0.27920735 3658
466 0.24941069 0.065986395 1311 4988 571 2527 1912
467 0.7025347 0.932124 2040
468 0.7678372 0.8409095 2466 297 3370 876 2821
469 0.19794196 0.13689953 2749
470 0.30456448 0.010967314 4498 980 313 1519 2401
471 0.6940033 0.045278788 552
472 0.023386776 0.87338084 4641 3028 3572 3368 2800
473 0.2947315 0.3741446 1869
474 0.28692096 0.66758376 1839 3940 1849 2691 1036
475 0.81011504 0.6214315 247
476 0.83319694 0.9186385 1344 2581 4027 2997 629
477 0.9966546 0.059820056 2261
478 0.5423992 0.3538127 1872 2145 939 4741 4158
479 0.4224847 0.8196719 4549
480 0.7249263 0.8549233 3468 624 3736 3435 4438
481 0.31865513 0.59152406 4195
482 0.7046793 0.9642372 3828 2472 746 4837 4668
483 0.1226235 0.49230558 1208
484 0.72450805 0.6317236 4131 3853 1691 1106 3522
485 0.32618314 0.99570006 2501
486 0.71171016 0.7272221 4194 3858 4942 2426 4164
487 0.43144226 0.2821322 133
488 0.021772563 0.103931606 700 4914 766 3185 1878
489 0.43664545 0.083378255 3203
490 0.38638842 0.9700922 1212 1768 4532 1755 2539
491 0.8409448 0.8095413 2569
492 0.09483218 0.21658146 2850 1727 4415 3712 1081
493 0.8114909 0.29287463 2545
494 0.60270786 0.7156979 839 3588 1312 4258 3104
495 0.8956177 0.23303121 694
496 0.60017985 0.31136936 3091 4543 4643 3322 3765
497 0.7437494 0.31782025 2551
498 0.7006178 0.39556277 4751 1606 3313 1583 2286
499 0.608658 0.47014695 1036
500 0.37317944 0.6001323 2808 3864 3582 2658 106
501 0.41083008 0.61279386 62
502 0.55712855 0.30216712 4584 3952 748 787 4295
503 0.5919707 0.043845773 2358
504 0.78786206 0.04344231 2094 2216 2200 4377 1574
505 0.019324064 0.12963748 3257
506 0.77195424 0.36290365 3896 3070 1676 113 3548
507 0.6293181 0.3572862 4373
508 0.9576152 0.83309484 938 188 2082 2737 720
509 0.2770211 0.15841317 4949
510 0.56542355 0.16353452 177 4533 933 4717 1706
511 0.70025533 0.7614702 652
512 0.48448902 0.39478725 4794 4229 534 2001 994
513 0.36254245 0.6241967 2510
514 0.82486194 0.9079108 1955 975 713 4215 3127
515 0.4702813 0.9566569 3361
516 0.80261713 0.6815816 2367 2184 3237 69 4365
517 0.46571422 0.2739147 2255
518 0.96163684 0.717224 2623 2319 770 2569 771
519 0.19237745 0.5297297 4093
520 0.43194354 0.5403311 4783 2994 363 4200 4087
521 0.3985284 0.72875756 4022
522 0.87115574 0.6557234 4478 1127 4999 1384 4194
523 0.64978373 0.07359421 1064
524 0.4364792 0.013254046 2416 3359 2358 1761 1344
525 0.34930593 0.68300205 4754
526 0.91704994 0.44583946 3345 107 4835 1826 3494
527 0.93312025 0.73718244 1340
528 0.044217825 0.6370247 3935 1157 4844 1879 2107
529 0.20920533 0.6081435 3897
530 0.9114067 0.5948274 3050 4202 1103 259 1955
531 0.3510546 0.91984946 907
532 0.16428632 0.56449485 1039 1193 1731 3274 2009
533 0.9438169 0.13398826 4498
534 0.036215305 0.70383286 224 1552 2696 333 10
535 0.87752527 0.43408728 2607
536 0.5646815 0.7424719 4214 2085 1866 4983 2040
537 0.6321992 0.99082214 4067
538 0.37626302 0.9407482 1504 1562 4732 3573 1760
539 0.13556427 0.9259101 375
540 0.8379601 0.4064983 2721 4549 1189 1159 2688
541 0.23591912 0.6271214 2008
542 0.6177844 0.91807467 1248 2096 1182 1404 2520
543 0.7941562 0.8514545 1017
544 0.27255148 0.9145481 1929 2005 4191 1749 4143
545 0.091645 0.686797 4689
546 0.745582 0.6795493 3406 1872 3074 3568 3123
547 0.3370782 0.37789017 1311
548 0.107102334 0.94087625 4510 776 1745 297 4011
549 0.008434653 0.71307063 2742
550 0.55757993 0.83348066 4278 1588 4163 4791 960
551 0.7686715 0.30138314 4954
552 0.82074964 0.4344222 2840 2126 24 4966 4950
553 0.6765026 0.22031534 3058
554 0.15143448 0.51113945 3289 1921 4521 1076 3215
555 0.90900916 0.37743515 4493
556 0.5028393 0.54932094 3821 3154 4411 1492 2191
557 0.6050097 0.5712216 1881
558 0.4426481 0.22535688 834 1034 3807 3361 3305
559 0.34857637 0.34043133 1352
560 0.5539317 0.15496325 4533 1128 3434 2587 4700
561 0.7649979 0.5482465 2662
562 0.29545707 0.5735218 3739 3857 2961 3841 4866
563 0.8696281 0.67874867 202
564 0.051597834 0.09706372 4490 2448 2675 1421 556
565 0.5483016 0.70240575 2293
566 0.112565756 0.30188107 4524 4434 1835 4201 4183
567 0.57771915 0.836551 3713
568 0.82832587 0.31733906 3980 1457 3935 557 4785
569 0.10805994 0.2890901 1017
570 0.19169009 0.5215011 4660 3900 3764 4498 899
571 0.14301682 0.668763 3905
572 0.36671793 0.34631097 1050 445 314 2146 2699
573 0.9308986 0.102915525 1347
574 0.8480685 0.8531483 4640 1372 3419 1493 4380
575 0.33804387 0.49516135 942
576 0.9341189 0.80067766 4219 3188 1959 2114 3688
577 0.93013555 0.74792075 4344
578 0.082954586 0.2570004 2602 1479 1417 1012 2043
579 0.5282149 0.124638796 4583
580 0.3230372 0.97353655 4787 4935 339 4860 3873
581 0.034325242 0.7251347 182
582 0.38710248 0.06746489 788 2108 3092 4192 305
583 0.36630452 0.47122133 1449
584 0.20647997 0.6729891 3658 2315 1385 4622 4999
585 0.28251833 0.28918153 4683
586 0.37198597 0.8630177 4778 3051 3149 4268 382
587 0.7448322 0.40719432 4557
588 0.48305464 0.30345356 2198 4271 1547 4423 779
589 0.69886833 0.87483686 2537
590 0.16469347 0.83108443 4655 2462 3840 29 4684
591 0.044892967 0.9217024 4535
592 0.3029136 0.096110106 2777 1197 3834 4754 2347
593 0.5923386 0.2820868 769
594 0.55795467 0.07938981 2230 4962 50 724 4817
595 4.7200918E-4 0.4295277 3508
596 0.41301095 0.072684646 1622 3161 4987 4240 3513
597 0.5655932 0.9461863 186
598 0.52556396 0.25433475 561 4713 1455 1722 4169
599 0.5786276 0.7366511 4743
600 0.42248583 0.10325885 174 2280 2441 129 4886
601 0.08961731 0.9224987 4478
602 0.97466934 0.97590965 4783 1128 3969 3862 2634
603 0.30362624 0.07701069 3591
604 0.90319854 0.51759464 3472 4511 4155 1254 4804
605 0.44179994 0.5526962 4754
606 0.16722083 0.12509555 3223 4471 4806 2245 2995
607 0.46329486 0.22707021 824
608 0.44656712 0.5148536 2334 4703 2531 3045 170
609 0.5652955 0.720492 4080
610 0.5886717 0.32697922 2730 266 2817 1038 4365
611 0.8052778 0.7479951 4517
612 0.88903934 0.8434453 3411 2314 2718 3489 2041
613 0.70230526 0.6758817 3178
614 0.736272 0.9798418 2005 35 17 785 3450
615 0.22693092 0.24413621 3198
616 0.59108925 0.28657228 1376 972 4363 3837 2389
617 0.7149086 0.33442444 3045
618 0.23359644 0.5718615 3028 2705 1912 1804 4755
619 0.79326314 0.33398926 588
620 0.5579474 0.6759765 2863 489 4170 1693 278
621 0.831315 0.9230665 4495
622 0.32202238 0.5029774 3483 849 3538 1322 2059
623 0.28127664 0.05681026 1485
624 0.1769141 0.89319855 3447 4143 3878 2066 1996
625 0.15558231 0.73017997 1854
626 0.4315837 0.15572786 4215 1511 1830 3159 3554
627 0.5855196 0.2637235 4806
628 0.7217181 0.42171413 39 647 1759 3024 450
629 0.93328863 0.3617831 3310
630 0.5689365 0.016940176 2075 4905 3690 3964 2733
631 0.35853416 0.3236881 3820
632 0.5477627 0.94262093 3199 3421 1391 4012 4394
633 0.06828499 0.3483554 678
634 0.38319463 0.4890799 1189 1601 2863 4539 345
635 0.47166216 0.19743943 39
636 0.035163105 0.56975037 3720 1841 1125 3391 543
637 0.29607755 0.68042845 4344
638 0.26334524 0.9085684 1063 268 3068 4927 479
639 0.42749786 0.6599745 899
640 0.9942573 0.08642185 940 2209 4622 305 3544
641 0.3127795 0.07251197 1643
642 0.79419696 0.7367588 4386 3803 439 3524 1587
643 0.036904573 0.5759015 3348
644 0.048936725 0.85543597 3017 1509 1359 2788 3473
645 0.8757517 0.6133187 4831
646 0.539813 0.95147556 2357 1669 3662 4358 3109
647 0.18332976 0.62175584 1757
648 0.7779775 0.44681346 4936 1062 2008 2591 580
649 0.78947425 0.3082133 972
650 0.95074886 0.15263653 20 3375 669 3056 4009
651 0.6681596 0.50304264 2476
652 0.39797568 0.87537235 4547 900 1532 3435 2574
653 0.8899139 0.66300744 919
654 0.29887056 0.62968886 916 969 2273 2003 34
655 0.18669188 0.40728408 4830
656 0.99103576 0.21424806 3907 1314 4788 765 3780
657 0.7803825 0.40542608 1033
658 0.8539255 0.7122162 1883 1405 1162 3912 898
659 0.78922457 0.3718207 4899
660 0.646701 0.19328237 4040 1728 3066 3375 2845
661 0.5549325 0.15371454 4277
662 0.030358136 0.7445642 1277 1423 3174 4228 2397
663 0.49064648 0.20877475 38
664 0.034526527 0.7858504 4211 2548 4858 853 3026
665 0.9906551 0.98595834 3710
666 0.2801953 0.3627537 3787 723 2049 2998 3284
667 0.40027755 0.22977656 1786
668 0.43810695 0.20778894 4221 2454 4059 1625 1200
669 0.38240457 0.5569333 2018
670 0.9954118 0.79499847 1116 368 545 592 1711
671 0.13767797 0.9382593 3379
672 0.9533083 0.81188995 4827 1582 3604 4292 1271
673 0.032661736 0.4729631 935
674 0.3463682 0.3091423 2998 455 1662 4560 2930
675 0.8064805 0.12394756 4760
676 0.62609017 0.06582147 18 1780 578 3969 2404
677 0.36129904 0.843765 2369
678 0.6351659 0.86021805 911 2694 239 2538 2872
679 0.23438668 0.9973232 2218
680 0.7249258 0.79583144 2557 3780 3678 39 2425
681 0.14635062 0.2611367 2428
682 0.52570164 0.38368756 468 4472 2297 4452 517
683 0.011305928 0.56420547 124
684 0.008844852 0.6993183 3062 2395 3445 715 597
685 0.7946061 0.33825403 4980
686 0.14553332 0.9849288 1884 1281 1577 2708 1958
687 0.4178505 0.8630983 2774
688 0.8670831 0.45307297 1706 2699 3968 2263 2559
689 0.032628417 0.51409274 310
690 0.0862636 0.7090313 2125 2448 4369 2665 3572
691 0.12227327 0.79975194 951
692 0.12588161 0.63808733 1645 2478 434 1515 1908
693 0.532957 0.17197281 4346
694 0.38496387 0.36837345 2636 1901 2297 4669 1679
695 0.41534388 0.5216684 3311
696 0.4009298 0.87429947 1285 1010 1040 1710 1041
697 0.79075557 0.52949286 3352
698 0.6033173 0.5558661 2211 548 1099 2828 2671
699 0.27010328 0.81541705 4518
700 0.33219987 0.6081333 4548 1201 1691 1777 3723
701 0.85255873 0.972335 4284
702 0.6658704 0.9918465 3596 421 1961 2435 500
703 0.06805146 0.19508529 4212
704 0.28652436 0.6614517 4598 1555 4641 944 4243
705 0.09626329 0.97286993 1863
706 0.5344049 0.52071553 1043 4793 4251 1471 3893
707 0.97686636 0.8225731 309
708 0.020372212 0.062453866 3225 459 2379 1957 989
709 0.2609207 0.85558933 843
710 0.5204523 0.6834782 344 939 2017 3601 1566
711 0.6396067 0.37948215 3001
712 0.93218815 0.60763 779 3130 353 4762 1952
713 0.932655 0.047677636 3866
714 0.8389729 0.90393734 3074 4368 4615 3051 4867
715 0.62452364 0.5438876 565
716 0.4247753 0.71025366 1277 964 960 4179 2281
717 0.08123541 0.14017403 1163
718 0.22793257 0.014603794 2016 3949 1439 2506 3154
719 0.46173245 0.9393097 881
720 0.2710685 0.17682296 646 3813 4404 2405 384
721 0.39816284 0.8419534 2114
722 0.27379477 0.4542399 4098 2283 3624 1992 3070
723 0.67232805 0.77180445 3623
724 0.91192925 0.8107205 1156 2527 1065 1919 981
725 0.76490474 0.44708836 4034
726 0.742767 0.84879446 660 609 2533 619 3519
727 0.9819556 0.8865094 636
728 0.19607782 0.0051704645 2131 3690 2348 2740 1676
729 0.34808803 0.6710846 2298
730 0.30111134 0.46338487 1187 1062 1570 3815 1677
731 0.54987454 0.5175569 1286
732 0.036881566 0.47895157 1145 3080 1631 1505 652
733 0.51158965 0.011165023 1033
734 0.6721705 0.8226327 4953 3096 1656 4420 4052
735 0.072312534 0.51347846 1698
736 0.84847933 0.892543 120 3956 2802 3465 1174
737 0.90376097 0.22151643 4775
738 0.50832295 0.5433822 4988 862 2105 4782 4098
739 0.71215737 0.56067836 2448
740 0.92780185 0.5143155 1571 1886 406 3242 4898
741 0.93729144 0.09060192 2458
742 0.11634606 0.52657306 4748 295 1686 3295 1428
743 0.033158362 0.74496853 4438
744 0.36574006 0.28153646 166 2053 435 740 1484
745 0.16091579 0.6918442 4537
746 0.056231678 0.2983662 3497 1797 812 3347 2703
747 0.18381351 0.35839343 4453
748 0.7494267 0.30547893 3580 249 3122 2557 4684
749 0.2233569 0.33184016 3319
750 0.50608927 0.67473817 820 3513 2637 1056 4419
751 0.082637966 0.92660046 2571
752 0.21087492 0.030554533 3356 412 606 1507 636
753 0.7632813 0.925583 2119
754 0.94724643 0.5144739 1476 35 3755 1591 1282
755 0.04180205 0.07993269 4422
756 0.09072316 0.1915232 1366 845 836 2863 939
757 0.40293127 0.82285124 2281
758 0.04998374 0.10425526 1769 2813 1424 3739 3703
759 0.26007092 0.77646625 977
760 0.1283549 0.37847066 1136 2553 1618 4514 2655
761 0.37144756 0.7340088 3655
762 0.83562654 0.4334306 2327 4453 1242 1516 2883
763 0.68908834 0.99273205 3687
764 0.12311405 0.26502144 3806 85 1820 4111 1415
765 0.19626749 0.3501221 1854
766 0.0371871 0.027748525 2953 1406 3051 2840 3186
767 0.5904506 0.891327 3913
768 0.10075712 0.3704294 3423 1051 3042 1548 4895
769 0.45257682 0.2178188 4555
770 0.6887548 0.14917904 1493 2114 941 2479 4467
771 0.4564734 0.5456393 3421
772 0.28283608 0.99064136 2211 1865 3438 110 2830
773 0.09243131 0.063103974 3201
774 0.031850874 0.5768596 807 4638 3539 1946 2020
775 0.0574494 0.02020824 3788
776 0.41568297 0.66767156 1105 1672 2298 4528 1586
777 0.24328268 0.9129576 3532
778 0.85159487 0.17177284 4686 2617 2739 4238 4132
779 0.03552842 0.26866448 624
780 0.04447812 0.18178564 1782 680 4319 3695 4740
781 0.19232565 0.34461838 1582
782 0.941503 0.32017642 3219 1145 4264 4490 2067
783 0.4137705 0.29572767 4744
784 0.09407413 0.59883404 440 1909 1545 109 4150
785 0.1960128 0.008809209 4387
786 0.96590054 0.7388866 3121 3644 3669 2219 981
787 0.492665 0.03947717 4025
788 0.07247239 0.82797486 3489 269 1647 4655 289
789 0.6765897 0.18668783 3042
790 0.04426396 0.115707815 4759 3991 3877 3808 4197
791 0.120380044 0.74728596 866
792 0.47890717 0.5259972 2424 4065 3551 3453 4421
793 0.7085238 0.7160557 1499
794 0.75141084 0.5226783 4449 1599 4438 2911 2733
795 0.14269221 0.3537644 4052
796 0.66329014 0.99712604 4514 1309 2006 1830 4928
797 0.6418124 0.7784881 887
798 0.31855303 0.3660499 1542 1386 1348 2506 3138
799 0.7500994 0.7102836 2045
800 0.7373486 0.095823705 3398 3327 4333 4237 4520
801 0.45654958 0.09685546 4296
802 0.8681767 0.9783729 4819 1728 2202 3527 1397
803 0.3697809 0.97973 4815
804 0.9233174 0.54957247 2190 407 2400 1036 2452
805 0.4596305 0.32659316 3221
806 0.83398426 0.48364836 4164 3724 4628 1923 3772
807 0.016233027 0.19182158 3513
808 0.38980484 0.7244508 458 3040 954 51 397
809 0.20151806 0.31159514 2953
810 0.94733053 0.7108169 3396 2296 817 3290 2808
811 0.5745779 0.7764283 4072
812 0.5658647 0.6946178 4032 987 2835 980 4635
813 0.75566715 0.3474124 3730
814 0.5334371 0.14406687 3154 3097 2821 485 8
815 0.1933515 0.8558791 2115
816 0.74590176 0.72437114 3015 2204 674 1982 2835
817 0.52818143 0.28432006 3897
818 0.40202314 0.8963904 4788 793 3555 4112 3659
819 0.7982805 0.5112902 2443
820 0.55549115 0.49561197 377 2035 3069 900 581
821 0.5788965 0.7976947 1922
822 0.4638279 0.7069321 3593 4346 2759 2871 2532
823 0.08504641 0.049751997 395
824 0.30028147 0.8223545 2375 2889 2670 3137 690
825 0.58128256 0.24305224 2242
826 0.81091744 0.99004054 4399 1526 810 3900 4815
827 0.22780395 0.22411323 481
828 0.078798115 0.28598118 2071 805 3816 2618 3563
829 0.33690572 0.44120097 4215
830 0.3968975 0.017231345 1812 4192 3344 2919 3648
831 0.8624171 0.20857394 241
832 0.72020453 0.43953645 1841 993 3664 1112 4269
833 0.5158871 0.4515527 520
834 0.5035414 0.67083883 2009 4069 3661 434 3379
835 0.7207452 0.052951038 4338
836 0.47807723 0.59634095 2504 2702 2576 3680 802
837 0.60865587 0.78812474 3154
838 0.82136774 0.6638977 1865 2197 2733 4864 3615
839 0.047246337 0.046033382 1919
840 0.0422976 0.0081169605 4932 1592 3229 536 794
841 0.05276966 0.7156903 100
842 0.46996778 0.23434228 1359 112 865 1569 4333
843 0.70466375 0.46175295 2555
844 0.84767056 0.61176485 2461 4351 409 2288 703
845 0.013729155 0.7885641 7
846 0.48411036 0.66812646 2830 3254 678 2053 2829
847 0.6452661 0.16693515 1554
848 0.08738828 0.7836847 1827 4627 3763 2315 2038
849 0.23824948 0.920428 3565
850 0.866701 0.42617548 4786 535 344 1578 4512
851 0.30227417 0.49026686 3936
852 0.96263075 0.37847865 3393 931 3635 1784 1778
853 0.9156784 0.2123279 3877
854 0.01050967 0.50062156 3125 467 2340 1387 3144
855 0.9476104 0.12104744 736
856 0.9002204 0.078002036 1673 4851 3811 433 315
857 0.24712944 0.9325401 2160
858 0.19631761 0.02863121 2324 1622 1020 3702 3380
859 0.31246328 0.98363334 3299
860 0.08524257 0.9606932 2617 167 3568 4951 4364
861 0.86698216 0.3045833 4451
862 0.64299095 0.28498137 3577 3084 2772 2842 2049
863 0.81249744 0.4577126 1371
864 0.22494453 0.58415645 4004 119 534 4816 188
865 0.8378996 0.6895265 1505
866 0.70031756 0.3607198 1171 4229 953 252 555
867 0.73661476 0.752264 4602
868 0.97719634 0.5109858 1948 2016 1378 4054 2451
869 0.36423844 0.87032974 1083
870 0.8017229 0.033689976 4168 1645 4722 1140 3074
871 0.31437916 0.036989987 1123
872 0.63763005 0.49430358 4491 3565 3961 1181 588
873 0.87112457 0.18678904 2679
874 0.6228122 0.23198175 883 1355 1728 360 2583
875 0.8805464 0.26200867 4709
876 0.13367766 0.76158494 3434 3160 702 1096 4651
877 0.67461425 0.41041046 635
878 0.992795 0.7836871 4840 1355 2752 932 4279
879 0.50424004 0.705637 4847
880 0.9736465 0.41979897 2873 4305 2058 2207 1884
881 0.13494164 0.37298983 267
882 0.7770838 0.80151004 4734 265 3952 3437 2079
883 0.6844337 0.76028293 3237
884 0.85036784 0.7691082 4830 3705 2493 121 2260
885 0.21820027 0.3077494 2718
886 0.5667066 0.55024904 1045 940 1143 4312 846
887 0.6624239 0.45502478 4885
888 0.11061388 0.7143338 2762 3611 2242 4338 1340
889 0.5858545 0.66761 2497
890 0.27771956 0.23601109 157 541 3173 283 1097
891 0.8364139 0.7057396 3814
892 0.23532182 0.8517485 1077 2000 3128 3410 1096
893 0.24580324 0.34472734 4207
894 0.9637959 0.100919425 2623 234 1522 800 4160
895 0.84431267 0.3431236 3885
896 0.9967229 0.6727629 1427 4380 507 682 3502
897 0.00851506 0.9250812 4574
898 0.38793546 0.034366906 1589 4651 2283 2337 2255
899 0.41013646 0.98723257 4260
900 0.68492085 0.5456004 3366 4474 1857 3818 2547
