1 0.24425209 0.82780796 4382
2 0.9365478 0.2897486 2970 599 2118 446 4072
3 0.7392061 0.8995451 1590
4 0.8417865 0.69913524 174 2838 1918 2592 2835
5 0.16619897 0.75816923 3018
6 0.36170942 0.038194 3432 2393 4886 4431 2935
7 0.8252097 0.5345461 2594
8 0.6770838 0.040521562 483 497 3559 4060 4569
9 0.94392043 0.8638081 4153
10 0.9878155 0.49285716 3417 1684 2600 432 708
11 0.44576865 0.35068142 4549
12 0.4978007 0.9577388 908 4706 1493 1118 3243
13 0.24974316 0.1895945 393
14 0.068133056 0.03422582 3731 484 1212 1947 1980
15 0.7682817 0.09676862 3290
16 0.29932487 0.8621026 3727 3391 1495 619 4637
17 0.6468429 0.17660022 976
18 0.41594553 0.0824725 2495 4466 3917 4493 2052
19 0.7155573 0.8536294 4172
20 0.6163245 0.2095803 1643 4287 2857 4835 320
21 0.32537043 0.374197 822
22 0.675118 0.053381503 1773 3239 4328 55 1091
23 0.2464881 0.98596233 2575
24 0.77578515 0.2721364 588 2035 3528 1014 3440
25 0.056256175 0.077606976 1967
26 0.7649691 0.031984746 821 317 4079 4313 854
27 0.40966815 0.90706015 3567
28 0.9770107 0.03510177 3758 4692 680 4271 1713
29 0.54827625 0.84230524 1099
30 0.48056012 0.34705037 1871 2548 523 4804 2098
31 0.1794489 0.058115304 2386
32 0.3416028 0.53478605 4715 698 4207 1561 2641
33 0.69488215 0.9377633 1907
34 0.27849716 0.77786607 1530 3462 2934 2114 3032
35 0.6911589 0.23655558 636
36 0.7228635 0.041971028 4232 2481 2203 4957 503
37 0.5651775 0.55601424 3881
38 0.0087836385 0.17067647 2474 1559 1847 3988 209
39 0.24110168 0.67552596 847
40 0.41392112 0.23098165 2803 831 1983 4069 2794
41 0.4878261 0.9785894 3605
42 0.547386 0.54836553 3083 3964 3695 4304 433
43 0.9686302 0.64275634 2804
44 0.61220646 0.8399861 320 4526 4892 2943 276
45 0.27280337 0.62479717 3288
46 0.55233866 0.3918445 1628 4798 3873 1284 128
47 0.29383707 0.6832282 2643
48 0.7028662 0.70591146 3009 3466 4003 4377 4070
49 0.8545665 0.6045176 4294
50 0.59688747 0.1990521 1669 1475 2960 2675 1916
51 0.13757253 0.44600713 1747
52 0.9365836 0.46738583 4132 863 2615 2517 3359
53 0.27787608 0.9321967 3932
54 0.74295795 0.9970744 4073 3074 4241 3419 4820
55 0.53362167 0.6091879 2549
56 0.6724931 0.5825575 4687 1018 3864 18 1901
57 0.6062085 0.23121327 539
58 0.8018643 0.5198364 8 3536 3671 4248 830
59 0.17956668 0.12408823 4428
60 0.011972129 0.6572679 2664 1898 1291 4495 988
61 0.6501639 0.578047 1809
62 0.50949377 0.8589289 1515 3811 1598 2664 3352
63 0.6273902 0.5447218 425
64 0.7947251 0.86523235 4200 1858 413 1660 389
65 0.29280895 0.0656122 2194
66 0.121189654 0.65485907 3579 3690 1696 620 2597
67 0.44212252 0.8734094 4125
68 0.6985378 0.54863805 1077 2766 119 606 4086
69 0.04944825 0.8697758 1192
70 0.3363158 0.19241768 516 3775 252 4143 1158
71 0.65230656 0.24850446 3688
72 0.6652856 0.888519 1263 4472 3540 4758 3688
73 0.52545947 0.7006162 4307
74 0.4012388 0.9846402 356 3362 238 1542 4376
75 0.96588594 0.11408311 1104
76 0.3582648 0.943682 292 2589 1039 1166 1855
77 0.82775337 0.8316903 2190
78 0.94756806 0.7283185 2664 4995 3360 4516 1821
79 0.4560656 0.7606928 4417
80 0.5828496 0.8797098 1149 3352 1752 4697 2018
81 0.2089507 0.70087236 1712
82 0.9134223 0.5591461 3454 1259 3246 2649 3908
83 0.051138878 0.4055823 4984
84 0.020144641 0.99117553 3938 3107 2630 207 4083
85 0.25994503 0.8427509 4988
86 0.41084468 0.7609153 1838 3543 2472 2598 2642
87 0.14822692 0.2131114 2122
88 0.63111836 0.19678777 3914 2293 3391 313 4298
89 0.5632215 0.57578206 1261
90 0.86199486 0.9409318 3402 3507 1561 4111 674
91 0.8619626 0.84222686 383
92 0.28920877 0.23551434 1475 452 1018 2246 946
93 0.6388136 0.061187327 2465
94 0.1782602 0.8887875 502 4375 13 3085 1033
95 0.8046423 0.5771072 3863
96 0.6482467 0.379187 4608 3225 511 474 702
97 0.2854302 0.66186696 1521
98 0.32591724 0.11928052 241 2895 3784 1551 819
99 0.25413042 0.7565323 4846
100 0.7085422 0.31166857 1658 2921 3029 592 3917
101 0.585013 0.7484165 2137
102 0.7635527 0.45966774 4505 12 1498 2476 747
103 0.12035936 0.80259424 4346
104 0.71903 0.0050156713 1822 543 3866 1444 2960
105 0.20936775 0.4688422 1914
106 0.9823352 0.9892663 862 4506 3239 3631 3630
107 0.18174034 0.47349358 2301
108 0.8625173 0.18843657 2268 3500 1048 3407 3653
109 0.5677355 0.46506888 1777
110 0.5907732 0.4540174 1294 3334 348 4248 1671
111 0.6809526 0.16997492 1848
112 0.9824839 0.98611915 1976 2855 4531 199 1373
113 0.35506636 0.98222655 4659
114 0.9992794 0.7539244 2998 3871 3581 4386 3438
115 0.98779404 0.93016464 3742
116 0.49483567 0.7656915 1306 967 4800 4282 1489
117 0.30876172 0.37853533 792
118 0.043277502 0.7968522 1568 4637 1081 2990 1250
119 0.73805636 0.7010374 3842
120 0.6109255 0.35130727 1144 4106 4601 119 1890
121 0.32883793 0.2600432 1953
122 0.68147886 0.50322324 2385 4969 4968 515 4799
123 0.6153743 0.20243585 2710
124 0.30657333 0.8158869 1253 304 1675 2122 4991
125 0.45052958 0.59429497 807
126 0.8911533 0.8734836 226 2859 3123 3992 3465
127 0.87194103 0.1555931 1161
128 0.78639317 0.7682643 4978 2409 744 4641 3584
129 0.6326118 0.4121437 4345
130 0.8057205 0.15028638 559 3826 3642 3071 4647
131 0.28876692 0.36469716 4820
132 0.8972685 0.72590524 4769 3591 1410 4271 4655
133 0.6081274 0.5023892 209
134 0.08087534 0.34222412 4214 2115 780 4743 4203
135 0.70229703 0.4775322 3840
136 0.37621784 0.03610593 2369 2521 4621 4036 3871
137 0.5713225 0.7079125 4124
138 0.09097469 0.86332506 1581 1561 4408 4094 1214
139 0.50781983 0.64811766 191
140 0.5161998 0.2424056 348 3438 2974 2526 4765
141 0.6956218 0.6157555 3068
142 0.33290052 0.18573672 1847 2444 1370 1898 226
143 0.86795926 0.5471395 4997
144 0.7917837 0.5432421 4589 3474 3488 960 2483
145 0.10823172 0.12158686 2019
146 0.91354775 0.12099528 1456 33 2623 2546 2824
147 0.2740274 0.55955744 4715
148 0.9013498 0.45214653 4558 2576 2627 765 485
149 0.21888942 0.26873845 3974
150 0.11107367 0.32259297 3420 166 1962 877 496
151 0.8371268 0.7459261 2488
152 0.20299608 0.2291516 1094 2947 2649 361 2299
153 0.21045125 0.094153225 819
154 0.19881004 0.5394049 2591 808 2343 1007 1903
155 0.32327217 0.47567058 2340
156 0.5001514 0.5383295 72 42 1106 4396 1502
157 0.06013024 0.84194607 2040
158 0.30213326 0.0117358565 6 2579 3213 2027 604
159 0.73170155 0.14589775 4426
160 0.8756972 0.9138667 1632 1527 2902 3140 3655
161 0.95056635 0.66675836 169
162 0.39858788 0.67075145 4971 1229 4786 4513 4036
163 0.77785164 0.23554349 1193
164 0.78896827 0.44483 3423 3308 144 1974 3729
165 0.1434961 0.8837212 1501
166 0.37426746 0.7249266 4190 4000 623 3156 1292
167 0.2526906 0.09709358 494
168 0.9002501 0.9654153 4791 1035 464 1920 2783
169 0.8851426 0.42279863 1638
170 0.5970963 0.056580544 2863 3393 3988 3672 2389
171 0.04936564 0.4202549 3290
172 0.23735833 0.45225304 1144 648 3162 2910 4088
173 0.26677865 0.60884887 4083
174 0.8705864 0.13588852 1177 3609 2773 4391 738
175 0.9781876 0.60539424 1563
176 0.9867355 0.16315931 2105 3332 2107 110 4160
177 0.017031074 0.8643289 3636
178 0.078329206 0.93291223 4049 1431 2970 374 229
179 0.0242306 0.3290305 1097
180 0.6985243 0.8230696 499 2369 1139 1658 1338
181 0.3108555 0.7717238 1928
182 0.8365401 0.37974137 741 1879 108 3585 2856
183 0.7712671 0.16701055 1216
184 0.31568408 0.28391677 1800 4165 124 18 2744
185 0.9657697 0.94315875 3406
186 0.13411212 0.12999028 1985 1795 212 47 4704
187 0.5450366 0.13920659 76
188 0.64895463 0.10766184 1970 61 2225 3787 4531
189 0.99660397 0.83405054 4454
190 0.17972565 0.7724553 1067 2237 4495 2019 861
191 0.7821994 0.6567301 598
192 0.6529925 0.38794774 2095 4487 4555 4791 4719
193 0.81901246 0.46797884 4011
194 0.49456167 0.8861675 2111 3374 1052 1568 3950
195 0.9636559 0.37100363 2849
196 0.7481111 0.41892523 2912 3587 997 3314 2438
197 0.34824818 0.6762543 4456
198 0.016191244 0.7474344 989 486 2119 2231 1360
199 0.5577092 0.45391268 2225
200 0.06364918 0.0133318305 4777 439 3896 1462 1430
201 0.51779944 0.016089499 4539
202 0.52148587 0.50344765 4294 2816 3470 4848 4725
203 0.08595759 0.5681519 3833
204 0.64312035 0.98014426 3148 1077 4186 1500 4909
205 0.04261309 0.8371283 2650
206 0.769259 0.8649734 2095 3016 2913 4963 338
207 0.07957721 0.233387 2007
208 0.59112066 0.49995816 4775 4171 1920 1615 2456
209 0.53961486 0.79177755 1337
210 0.22029692 0.01146245 197 4988 1440 3682 2001
211 0.15317887 0.05169922 4166
212 0.803777 0.52918166 2549 1038 2 2558 660
213 0.8755176 0.40784848 3780
214 0.155052 0.3802138 1207 2524 109 1628 3102
215 0.14569783 0.7478202 983
216 0.20772755 0.45829564 2753 372 2478 3926 4965
217 0.08556157 0.59311557 1447
218 0.1972987 0.2771706 866 4303 2274 120 2502
219 0.61144805 0.70687014 2004
220 0.43977088 0.72158855 4422 189 3470 3729 4411
221 0.6595459 0.2543348 3527
222 0.21332592 0.01635778 2942 3715 2236 1067 1898
223 0.37878263 0.48379022 4890
224 0.1860649 0.9733061 3066 1309 4820 2711 3548
225 0.9516152 0.6749334 2620
226 0.91674954 0.2993222 1319 3600 92 1408 2961
227 0.30864984 0.021634936 2002
228 0.22489852 0.51606506 353 136 2957 3198 1139
229 0.9816945 0.19604206 1790
230 0.22286874 0.28228343 87 2346 2055 4460 1804
231 0.3012148 0.28570932 3021
232 0.79249823 0.49030775 3398 50 2209 3745 950
233 0.7688025 0.8279392 4737
234 0.99588925 0.7597415 1255 4705 1076 2707 3692
235 0.42676914 0.010686338 2217
236 0.63212305 0.64777064 140 3697 753 3739 2462
237 0.39490032 0.12961441 894
238 0.6776465 0.8973336 533 3862 4276 4633 3543
239 0.34913296 0.909909 2836
240 0.8609937 0.46729255 4564 4265 4370 3342 2552
241 0.33328098 0.43244332 3486
242 0.8161604 0.2677365 1616 1484 4415 928 1169
243 0.9080443 0.22981006 4932
244 0.16869783 0.6983036 3313 2380 4326 644 4016
245 0.79421186 0.85243815 4477
246 0.49303752 0.64093816 1383 4688 2137 1859 2301
247 0.41464144 0.99561137 888
248 0.3690164 0.7971457 2182 1772 4595 513 4310
249 0.3146819 0.58986455 17
250 0.42514062 0.12945473 4008 4286 1652 4677 4075
251 0.36470723 0.81317514 1654
252 0.69217026 0.95573944 1847 3974 564 1219 226
253 0.9363758 0.5139805 4958
254 0.26091087 0.23085809 564 4762 4208 1785 2485
255 0.5021152 0.12017554 1673
256 0.60695904 0.7034113 3749 101 3124 102 4042
257 0.7297085 0.6861756 2824
258 0.5562433 0.90075904 1721 2935 2422 4406 4738
259 0.4747811 0.34985828 4071
260 0.2859336 0.22393894 2684 1336 1458 3072 2091
261 0.300866 0.20190257 2219
262 0.67796934 0.651226 1592 1687 2347 3142 700
263 0.36288846 0.44292235 1380
264 0.9085373 0.29469293 72 376 4063 4109 69
265 0.1978668 0.8986707 721
266 0.6020325 0.4402076 1142 2120 2641 4603 2717
267 0.6603539 0.45595676 4775
268 0.8770975 0.9874057 3701 313 1651 1152 2111
269 0.7608919 0.15528637 4985
270 0.23369116 0.70018744 671 4119 1935 2263 3813
271 0.53218406 0.93500453 2311
272 0.19181746 0.22547412 579 1396 2822 1439 2466
273 0.15733743 0.22091526 3001
274 0.54203707 0.6679789 4125 1403 41 3262 3792
275 0.41994 0.09493214 4056
276 0.8897975 0.8662944 1361 3991 4994 2457 2642
277 0.8346812 0.488918 2440
278 0.86236846 0.4068336 1399 2240 3324 186 4195
279 0.03296441 0.34220272 39
280 0.7490163 0.9550877 3818 2529 727 4407 631
281 0.9113804 0.55046314 2393
282 0.14723808 0.75709057 1077 3830 2704 3107 3829
283 0.042987466 0.051366568 1960
284 0.7436674 0.105740964 1171 133 2807 412 4899
285 0.6203373 0.11042005 2535
286 0.5381559 0.37824464 1464 133 4800 1104 2266
287 0.1334517 0.83319366 1400
288 0.8179414 0.92175996 669 2011 2273 1786 885
289 0.5992978 0.25990486 3314
290 0.26094294 0.0350191 519 3559 4350 4429 4780
291 0.5722844 0.47210294 4436
292 0.93004805 0.93450576 614 4182 4130 274 3275
293 0.8818329 0.71612763 4355
294 0.7227041 0.07985079 4005 3962 2936 2339 3388
295 0.9483879 0.7477488 2821
296 0.4689154 0.55509907 3115 1301 3173 4639 861
297 0.94086146 0.45403576 4738
298 0.5895477 0.45683414 2567 3729 3793 1167 117
299 0.7989631 0.053779304 4285
300 0.7276091 0.9999921 2057 1120 3324 199 3757
301 0.14920628 0.36195505 3465
302 0.16186994 0.5259451 266 2454 3305 2976 2032
303 0.35867435 0.9774869 3906
304 0.24825454 0.43809426 3945 4166 720 3526 1235
305 0.8892459 0.8044102 3484
306 0.22672975 0.1252203 1601 2821 2940 4304 1474
307 0.77499527 0.27705514 4134
308 0.35441172 0.7400216 970 2841 747 169 4749
309 0.122786164 0.12210035 3271
310 0.77115756 0.8620712 3061 247 2824 4877 490
311 0.68985045 0.28621823 2225
312 0.83284914 0.09863597 2273 1223 437 204 3092
313 0.14489049 0.44727403 1059
314 0.08090049 0.9782672 1358 3018 2729 1997 2319
315 0.8095177 0.065369666 1260
316 0.49504018 0.486319 701 1478 1092 713 3499
317 0.1292786 0.7712877 2774
318 0.24895889 0.857136 3807 1265 2800 3236 2183
319 0.83694303 0.30758148 2010
320 0.67011994 0.8607643 414 3834 2093 4638 1409
321 0.8313449 0.9318442 3167
322 0.47828752 0.44266367 2054 2109 3753 738 2747
323 0.17802298 0.37985766 4012
324 0.6892843 0.31047928 3980 4670 1768 2624 279
325 0.86680615 0.25534827 3651
326 0.6123257 0.39048457 4353 3959 3466 3037 4167
327 0.051536262 0.044589162 4337
328 0.20359904 0.91729593 2636 2692 3105 3313 548
329 0.5140392 0.61313134 4030
330 0.4728052 0.55794454 4765 4232 1719 704 4023
331 0.81739473 0.55208987 1120
332 0.022954285 0.12026006 4261 1923 4481 3699 3076
333 0.19649935 0.9502925 825
334 0.061921477 0.6178054 705 2112 1644 4759 211
335 0.41648376 0.43886036 2196
336 0.8166145 0.29817796 2306 3780 2595 3728 2151
337 0.15404707 0.19697797 2347
338 0.8089106 0.8166911 4584 2343 2259 833 379
339 0.10496271 0.60259336 3890
340 0.92176205 0.2923622 665 1592 1276 2768 3926
341 0.28999603 0.3516279 4447
342 0.4509617 0.6296168 900 203 1324 4032 1366
343 0.124504566 0.97673565 1033
344 0.06502974 0.7028597 1553 994 4930 701 4210
345 0.5312995 0.36470908 59
346 0.054931402 0.7360985 2831 717 539 4775 566
347 0.4261973 0.39564586 4911
348 0.6158044 0.187433 1193 2076 3806 4694 4693
349 0.025214076 0.8835272 1552
350 0.15736979 0.077218294 4396 3058 2251 4552 2382
351 0.048973918 0.35513037 1908
352 0.11471939 0.24017078 1699 360 1565 1597 4659
353 0.14533335 0.530773 1626
354 0.15189213 0.97807807 3778 1939 2969 3456 980
355 0.6233605 0.23962754 2517
356 0.015034974 0.23384535 88 4421 832 1127 2266
357 0.1370191 0.97155637 2325
358 0.33903515 0.43337512 1505 4362 3428 1034 2354
359 0.7485418 0.9418996 4006
360 0.5504369 0.97563785 3422 3595 1749 3537 4932
361 0.6065475 0.818972 978
362 0.5066523 0.668072 2150 1906 3225 3589 4303
363 0.5863733 0.45725334 772
364 0.31521362 0.888877 1774 3045 3685 4761 2231
365 0.27491713 0.3830179 1421
366 0.3889789 0.27863407 3209 3760 4780 3434 3187
367 0.9817811 0.1336487 134
368 0.879958 0.8238685 2417 4170 2709 2871 4930
369 0.06706667 0.28136277 1236
370 0.79821086 0.42701548 3734 91 3705 389 3704
371 0.19735563 0.52129644 1096
372 0.63917315 0.6892352 656 3968 4105 1553 3600
373 0.7966614 0.105573714 2421
374 0.9003917 0.25905365 2473 3725 986 4047 1533
375 0.023888648 0.7383414 1148
376 0.12085843 0.74257565 411 4309 4794 1285 4691
377 0.30770046 0.22863019 1076
378 0.86232036 0.52638835 3660 286 1281 3718 1860
379 0.5717414 0.5789547 2429
380 0.409845 0.7874413 2274 1763 4209 3206 3942
381 0.8346674 0.7076562 751
382 0.60092723 0.14726406 3459 3243 1038 2209 1740
383 0.5745309 0.19071758 2553
384 0.8270135 0.38501096 1713 3143 2885 1350 4477
385 0.69611543 0.29171735 2608
386 0.3720911 0.50305694 2047 1583 4547 4700 4018
387 0.05156505 0.57179815 553
388 0.94933754 0.8364098 1720 4446 4415 1547 1552
389 0.9113908 0.20328283 2879
390 0.5212945 0.7561553 3024 590 1907 492 745
391 0.8242494 0.7454497 1064
392 0.7878807 0.34902233 1278 3437 2854 1681 979
393 0.36122084 0.49171865 2185
394 0.5410577 0.5286149 3252 4681 490 1807 1537
395 0.70046157 0.69827837 2829
396 0.002460897 0.8316286 3078 843 2164 2997 1066
397 0.15032947 0.9292395 3649
398 0.12510926 0.30312306 1108 483 1246 387 4468
399 0.3064084 0.78612965 2823
400 0.4158563 0.9236435 2242 284 56 4049 1593
401 0.5899031 0.15852123 729
402 0.74021775 0.81718767 3759 735 4676 4089 652
403 0.12511778 0.6620657 1452
404 0.49344587 0.5486656 4909 4796 4094 2432 1304
405 0.9310686 0.8341977 572
406 0.24512798 0.2026878 1607 756 4030 4950 265
407 0.5024887 0.037591934 4965
408 0.5254702 0.7780718 3558 4182 3001 3791 492
409 0.6446252 0.008406043 2338
410 0.74184084 0.3761763 4800 534 417 2373 599
411 0.30435836 0.0020218492 1050
412 0.8412036 0.52329737 2126 1184 2714 1142 3081
413 0.66979563 0.87718564 961
414 0.4454007 0.17643249 352 2105 3076 1860 2445
415 0.7906024 0.7747441 4253
416 0.80291295 0.3630829 1243 4301 3472 218 1812
417 0.9240405 0.06679559 1005
418 0.28038734 0.45617092 2128 4460 4515 1521 2961
419 0.7447435 0.8084048 1685
420 0.58132607 0.11237764 4590 2326 2840 1400 910
421 0.27097082 0.93693185 3644
422 0.85954565 0.011588335 4793 1728 914 696 3440
423 0.23042297 0.08298701 4233
424 0.76536256 0.9013794 16 2357 1831 4879 1164
425 0.64365405 0.40456355 3344
426 0.754663 0.13927358 4275 3755 4062 4844 4745
427 0.7005028 0.29493898 2815
428 0.87212867 0.045630813 3282 1727 2179 4058 2770
429 0.69134474 0.7439529 929
430 0.6422591 0.27323133 1384 2149 4045 312 1554
431 0.86229557 0.8434758 2672
432 0.416808 0.73106235 322 2022 1417 4009 2342
433 0.99969643 0.84479654 4926
434 0.1853764 0.61932886 2318 454 4967 3392 4275
435 0.39582342 0.01767695 3490
436 0.69738686 0.03187877 3170 4648 2543 235 3058
437 0.9842744 0.8638583 2000
438 0.9143428 0.779934 482 4746 3109 2264 111
439 0.6641124 0.390881 385
440 0.12054008 0.43536288 1867 2711 4451 2465 393
441 0.09675795 0.89162534 435
442 0.9885541 0.87306553 552 4730 1246 4129 1722
443 0.16895771 0.009113967 770
444 0.22002167 0.4177779 1168 2422 1451 3626 291
445 0.15029502 0.6831969 2833
446 0.48093927 0.68885034 3743 3304 529 1939 3077
447 0.056609333 0.7219784 4405
448 0.42820978 0.64196426 1510 508 4100 2974 4972
449 0.7683642 0.13372058 1540
450 0.7278082 0.5979138 323 4782 2150 4915 4069
451 0.220308 0.72980887 4686
452 0.78883874 0.61296403 1640 4360 3143 1225 3536
453 0.10916495 0.67827106 1032
454 0.6583358 0.60359454 131 2859 902 4706 2426
455 0.8760591 0.72030747 3368
456 0.73132837 0.6066924 7 3017 4558 198 3722
457 0.7995572 0.28227174 347
458 0.7672396 0.50026846 689 4379 4089 4911 356
459 0.19059509 0.52980196 886
460 0.55452996 0.99257326 119 2976 2493 1461 19
461 0.12910616 0.98269564 2826
462 0.25660634 0.21690673 3760 1514 2118 3315 3521
463 0.042907596 0.105301976 639
464 0.63331133 0.7090446 1941 924 84 3835 4902
465 0.9716782 0.81674844 1384
466 0.6617994 0.25722557 4400 2772 1806 327 1762
467 0.12040919 0.25841016 4029
468 0.5114944 0.26642734 613 89 2441 2932 4848
469 0.10072279 0.4110815 1277
470 0.13352871 0.62998265 70 3284 714 3859 3227
471 0.74571896 0.71371335 403
472 0.87864465 0.78097636 865 670 4827 2495 3902
473 0.791931 0.9314663 2401
474 0.19322008 0.7453309 4288 2695 1052 789 1770
475 0.4488896 0.7635189 2688
476 0.048640728 0.8637417 3468 1921 4690 2445 104
477 0.12608755 0.64407396 1787
478 0.7596265 0.65147483 1773 2475 451 4747 1879
479 0.83186746 0.27680737 3932
480 0.52047807 0.7655565 2765 1073 3611 327 4098
481 0.7439392 0.101958334 2003
482 0.18716747 0.43163216 706 1065 510 1591 315
483 0.5969728 0.28027993 2654
484 0.7651819 0.72303575 2192 4776 4257 2627 2097
485 0.0077423453 0.23407853 839
486 0.914849 0.07155913 2887 252 4586 4982 2581
487 0.24973208 0.06873214 278
488 0.7589274 0.5585498 2800 171 325 2995 4675
489 0.40039158 0.12237835 3341
490 0.6310523 0.15533906 1664 2829 3655 3917 2094
491 0.34959608 0.12416071 3798
492 0.3865363 0.998994 743 3751 3590 3618 4648
493 0.36786896 0.45135808 270
494 0.97431797 0.13008928 4465 109 2677 4609 4020
495 0.8217218 0.6696182 215
496 0.539593 0.023679733 270 4673 3316 3699 334
497 0.7750027 0.9036402 4987
498 0.15198112 0.89264923 1953 4262 2765 4089 3588
499 0.701437 0.6745842 475
500 0.100800276 0.60134816 2976 2578 1271 3007 4233
